66.201582
29.10703
28.685399
28.263769
27.894845
27.473214
27.10429
26.682659
26.682659
29.026511
31.047073
33.148457
35.492308
37.836163
40.341664
43.170457
45.271841
47.454043
49.636251
51.414343
52.869142
53.515727
54.162305
54.728071
55.431478
55.928398
56.337649
56.917214
57.593386
58.224837
58.758769
59.281849
60.044342
60.59853
61.173966
61.887348
62.394893
63.102065
63.809238
64.315816
65.256594
66.063092
66.873514
67.692384
68.535111
69.458592
70.672088
71.582229
72.391195
72.70359
71.326447