66.73834
24.396696
25.249306
25.456349
25.663459
26.036214
26.864576
28.686998
31.233341
33.67742
35.884917
37.989729
39.52443
41.067604
42.43929
43.424874
44.129049
44.875125
45.750512
46.431369
47.263478
48.465961
49.668456
51.071369
52.574484
53.97739
55.280094
56.081758
57.184039
58.085909
58.887578
59.488823
60.086966
60.639414
61.169128
61.592895
62.228552
62.652319
63.182029
63.393914
63.817685
63.923628
64.347395
64.453338
64.771166
64.877105
65.088991
65.300876
65.300876
65.512762
65.406815