102.779413
20.575672
21.753487
21.432257
20.894663
20.418021
20.418006
21.575628
23.018381
24.449432
25.880492
27.311553
28.495876
29.236075
29.915567
30.468755
30.782738
31.175213
31.388026
31.951087
33.08712
34.206305
34.905168
35.425511
35.831911
36.102846
36.329506
36.500684
36.757452
36.843041
37.014219
37.185399
37.356577
37.442166
37.613345
37.784525
37.955703
38.21247
38.21247
38.46924
38.46924
38.726007
38.726007
38.982777
38.897185
39.068366
39.153955
39.325133
39.581903
39.667492
40.181028